Generation: 0
Avg: 0.30555558
Std: 0.13528663
Var: 0.98
Best: 0.51111114
Best: [11, 9, 6, 4, 6, 0, 12, 6, 7, 10, 14, 8, 14, 8]
Best: 0101101001001100010000110000000110000110001110101001110010000111001000
Dur: 30031

Generation: 1
Avg: 0.38611114
Std: 0.1447321
Var: 0.98
Best: 0.5602183
Best: [13, 8, 3, 10, 14, -1, 12, 11, 11, 11, 4, 12, 1, 2]
Best: 0110101000000110101001110100010110001011010110101100100011000000100010
Dur: 26271

